195
1618
2
1101
1958
1953
1956
1957
4
1430
2983
3329
3331
2353
3657
1991
1398
1397
7
2187
1990
1746
149
1904
232
41
1979
1978
1511
283
687
329
47
2606
1331
146
48
2416
1429
1023
2417
2597
2593
54
2739
2414
3662
3663
3788
1963
73
1386
1387
3141
3146
3139
3140
89
689
688
933
1279
934
935
115
3752
2039
1210
1211
3559
1584
121
1960
1961
3655
1962
122
2596
2305
2595
2306
686
123
2680
211
2283
125
1026
1906
2590
2589
2586
2585
138
1021
142
2612
3587
2879
2880
1100
954
2355
2186
2415
265
157
3332
181
3656
1966
953
1902
1903
200
1396
941
2354
217
255
1404
1401
1400
3134
3135
3144
3136
1024
267
3330
271
3145
936
301
1405
1964
1395
3750
311
685
313
3143
324
1481
2600
2601
2304
2303
594
3138
902
3751
1394
1965
1959
2878
955
1385
3142
1391
956
1392
1406
1952
2322
1390
1018
3466
2587
3473
2584
1019
2598
1892
3472
1020
2599
2592
2594
2602
1022
2591
1907
1025
3741
1900
1893
3743
3742
3740
3739
2583
3137
3147
1388
2323
3133
1402
1389
1950
1951
1954
1403
2485
1393
1955
3132
3239
2000
2302
3476
3471
1999
1998
3470
