-50 134 -65
-40 133 -65
-30 133 -65
-20 133 -65
-10 133 -65
0 133 -65
10 133 -65
20 133 -65
30 133 -65
40 137 -65
50 135 -65
-50 133 -55
-40 134 -55
-30 133 -55
-20 133 -55
-10 133 -55
0 133 -55
10 133 -55
20 133 -55
30 133 -55
40 135 -55
50 135 -55
-50 133 -45
-40 133 -45
-30 133 -45
-20 133 -45
-10 133 -45
0 133 -45
10 133 -45
20 133 -45
30 133 -45
40 135 -45
50 135 -45
-50 133 -35
-40 133 -35
-30 133 -35
-20 133 -35
-10 133 -35
0 133 -35
10 133 -35
20 133 -35
30 133 -35
40 133 -35
50 133 -35
-50 133 -25
-40 133 -25
-30 133 -25
-20 133 -25
-10 133 -25
0 133 -25
10 133 -25
20 133 -25
30 133 -25
40 133 -25
50 133 -25
-50 133 -15
-40 133 -15
-30 133 -15
-20 133 -15
-10 133 -15
0 133 -15
10 133 -15
20 133 -15
30 133 -15
40 133 -15
50 133 -15
-50 133 -5
-40 133 -5
-30 133 -5
-20 133 -5
-10 133 -5
0 133 -5
10 133 -5
20 133 -5
30 133 -5
40 133 -5
50 133 -5
-50 133 5
-40 133 5
-30 133 5
-20 133 5
-10 133 5
0 133 5
10 133 5
20 133 5
30 133 5
40 133 5
50 133 5
-50 133 15
-40 133 15
-30 133 15
-20 133 15
-10 133 15
0 133 15
10 133 15
20 133 15
30 133 15
40 133 15
50 133 15
-50 133 25
-40 133 25
-30 133 25
-20 133 25
-10 133 25
0 133 25
10 133 25
20 133 25
30 133 25
40 133 25
50 133 25
-50 133 35
-40 133 35
-30 133 35
-20 133 35
-10 133 35
0 133 35
10 133 35
20 133 35
30 133 35
40 133 35
50 133 35
-50 133 45
-40 133 45
-30 133 45
-20 133 45
-10 133 45
0 133 45
10 133 45
20 133 45
30 133 45
40 137 45
50 137 45
